12.811148 
6.316525 
3.104969 
1.640507 
0.831608 
0.456089 
0.277512 
26.558637 
13.166865 
6.515279 
3.119631 
1.585675 
1.023756 
0.468169 
53.834364 
27.125616 
13.524419 
6.667157
3.910794
2.107647
1.229870
111.302429
55.299945 
27.153621 
13.829576 
7.080044
3.798726
2.328955
226.838475
112.454275
56.041581 
27.901728 
14.223083 
7.439257
4.129610
464.995481
232.186979
113.660007
70.677204 
28.367468 
15.112371 
7.663778
949.536469
473.282388
231.004038
113.104319
55.786281 
30.040302 
15.333039 