15115297838
7403780149
2170045473
2544133514
1191026906
1055510251
960219985
16207322042
20427998086
7727266207
4120005978
1937347746
1199374369
1506882304
20202486627
9438246104
8752238374
7600909788
5028774724
2470033964
6630183901
11739038924
10871457911
15712294307
12411458745
6564212762
4336136871
4112891811
23507395214
16578926224
21188984539
8378901335
19610709433
7390283715
4591324987
22110328602
13058398407
13610284048
12296812812
15631110545
15694179245
11548720519
21009399267
18653485689
13222474312
9801574815
8856191987
17794329721
16924908714